32
Team0 Team1 Team2 Team3 Team4 Team5 Team6 Team7 Team8 Team9 Team10 Team11 Team12 Team13 Team14 Team15 Team16 Team17 Team18 Team19 Team20 Team21 Team22 Team23 Team24 Team25 Team26 Team27 Team28 Team29 Team30 Team31 
80 16
78 17
62 13
68 11
74 10
72 23
83 14
70 18
83 13
80 12
80 12
81 15
67 13
67 13
68 12
75 14
80 16
63 18
75 14
74 14
75 11
69 16
71 18
76 19
78 14
67 16
80 12
74 13
68 11
72 11
73 19
79 12
0 0 1 0 0 1 0 1 2 0 0 1 0 0 0 0 1 1 1 0 0 0 1 0 0 0 3 0 2 0 1 0 
0 0 0 0 0 2 0 2 1 0 1 1 0 1 0 2 1 0 0 1 0 0 1 0 1 0 0 0 0 2 0 1 
1 0 0 0 0 0 2 2 0 0 1 0 0 0 0 0 0 1 1 0 0 0 0 3 1 0 0 0 0 0 0 1 
0 0 0 0 2 0 0 1 1 0 0 0 0 0 0 0 0 1 1 1 0 0 1 0 1 0 0 1 0 0 1 0 
0 0 0 2 0 0 0 1 1 0 0 0 0 0 1 0 0 1 0 0 2 0 0 1 0 1 0 0 0 0 0 0 
1 2 0 0 0 0 0 1 0 1 1 1 1 0 1 2 0 0 0 1 0 2 1 0 1 2 0 1 0 0 1 3 
0 0 2 0 0 0 0 0 0 0 0 1 0 0 1 0 1 2 0 1 0 1 0 0 0 1 0 1 1 1 1 0 
1 2 2 1 1 1 0 0 0 0 0 1 0 0 0 1 1 2 0 0 1 0 0 0 0 1 0 1 1 0 0 1 
2 1 0 1 1 0 0 0 0 0 0 0 0 1 0 0 0 1 2 1 0 0 0 1 0 0 1 0 0 0 1 0 
0 0 0 0 0 1 0 0 0 0 0 0 1 0 1 0 0 0 0 0 0 0 0 2 0 0 1 0 0 0 6 0 
0 1 1 0 0 1 0 0 0 0 0 0 1 0 1 0 1 2 0 1 0 1 0 0 0 1 0 0 0 1 0 0 
1 1 0 0 0 1 1 1 0 0 0 0 2 1 1 0 0 0 1 0 1 1 0 0 0 0 1 0 0 0 1 1 
0 0 0 0 0 1 0 0 0 1 1 2 0 0 0 0 1 0 0 1 0 0 1 3 1 0 0 0 1 0 0 0 
0 1 0 0 0 0 0 0 1 0 0 1 0 0 0 1 0 0 0 0 0 1 3 0 0 1 1 0 1 1 0 1 
0 0 0 0 1 1 1 0 0 1 1 1 0 0 0 0 1 0 1 0 1 1 1 0 0 0 0 1 0 0 0 0 
0 2 0 0 0 2 0 1 0 0 0 0 0 1 0 0 2 0 0 0 1 1 1 0 0 1 0 0 0 0 2 0 
1 1 0 0 0 0 1 1 0 0 1 0 1 0 1 2 0 0 0 0 0 3 0 0 0 1 0 1 1 0 1 0 
1 0 1 1 1 0 2 2 1 0 2 0 0 0 0 0 0 0 2 0 0 0 0 0 1 0 0 2 0 0 2 0 
1 0 1 1 0 0 0 0 2 0 0 1 0 0 1 0 0 2 0 1 3 0 0 0 0 0 1 0 0 0 0 0 
0 1 0 1 0 1 1 0 1 0 1 0 1 0 0 0 0 0 1 0 0 0 1 2 0 0 1 0 0 0 1 1 
0 0 0 0 2 0 0 1 0 0 0 1 0 0 1 1 0 0 3 0 0 0 0 0 1 0 0 0 1 0 0 0 
0 0 0 0 0 2 1 0 0 0 1 1 0 1 1 1 3 0 0 0 0 0 1 2 1 0 0 0 1 0 0 0 
1 1 0 1 0 1 0 0 0 0 0 0 1 3 1 1 0 0 0 1 0 1 0 0 2 2 1 0 0 0 1 0 
0 0 3 0 1 0 0 0 1 2 0 0 3 0 0 0 0 0 0 2 0 2 0 0 1 0 0 2 0 1 0 1 
0 1 1 1 0 1 0 0 0 0 0 0 1 0 0 0 0 1 0 0 1 1 2 1 0 0 1 0 1 1 0 0 
0 0 0 0 1 2 1 1 0 0 1 0 0 1 0 1 1 0 0 0 0 0 2 0 0 0 1 1 0 2 0 1 
3 0 0 0 0 0 0 0 1 1 0 1 0 1 0 0 0 0 1 1 0 0 1 0 1 1 0 0 0 0 0 0 
0 0 0 1 0 1 1 1 0 0 0 0 0 0 1 0 1 2 0 0 0 0 0 2 0 1 0 0 0 1 0 1 
2 0 0 0 0 0 1 1 0 0 0 0 1 1 0 0 1 0 0 0 1 1 0 0 1 0 0 0 0 1 0 0 
0 2 0 0 0 0 1 0 0 0 1 0 0 1 0 0 0 0 0 0 0 0 0 1 1 2 0 1 1 0 0 0 
1 0 0 1 0 1 1 0 1 6 0 1 0 0 0 2 1 2 0 1 0 0 1 0 0 0 0 0 0 0 0 0 
0 1 1 0 0 3 0 1 0 0 0 1 0 1 0 0 0 0 0 1 0 0 0 1 0 1 0 1 0 0 0 0 
