36
Team0 Team1 Team2 Team3 Team4 Team5 Team6 Team7 Team8 Team9 Team10 Team11 Team12 Team13 Team14 Team15 Team16 Team17 Team18 Team19 Team20 Team21 Team22 Team23 Team24 Team25 Team26 Team27 Team28 Team29 Team30 Team31 Team32 Team33 Team34 Team35 
96 23
83 27
89 20
85 27
91 15
100 20
86 27
89 24
85 21
91 26
87 23
87 25
95 25
87 17
90 24
85 20
84 25
71 28
94 25
80 26
96 30
79 23
99 24
98 20
97 17
92 20
78 32
84 25
74 29
93 17
86 25
95 31
84 25
90 26
84 23
87 23
0 6 4 3 1 2 1 0 0 0 0 0 2 0 0 0 0 0 2 0 0 0 0 0 1 0 0 0 1 0 0 0 0 0 0 0 
6 0 3 4 1 3 0 0 1 0 0 0 1 0 1 1 1 0 1 0 1 1 0 0 0 1 0 0 0 0 1 0 0 0 0 0 
4 3 0 1 2 2 0 1 1 0 0 1 0 0 1 0 1 0 1 0 0 0 0 0 0 0 0 0 0 1 0 1 0 0 0 0 
3 4 1 0 4 5 1 2 0 0 1 0 0 0 0 0 0 0 1 0 0 0 0 0 0 0 0 0 0 0 1 1 0 2 0 1 
1 1 2 4 0 1 0 0 0 1 0 2 1 0 1 0 0 0 0 0 0 0 0 0 0 0 0 0 0 1 0 0 0 0 0 0 
2 3 2 5 1 0 0 1 0 0 1 1 1 0 0 1 0 0 0 1 0 0 0 0 0 0 0 0 0 0 0 0 1 0 0 0 
1 0 0 1 0 0 0 7 4 5 1 3 2 0 1 1 0 0 0 0 0 0 0 0 0 0 0 0 0 0 0 0 0 1 0 0 
0 0 1 2 0 1 7 0 1 2 4 2 2 1 0 0 0 0 0 1 0 0 0 0 0 0 0 0 0 0 0 0 0 0 0 0 
0 1 1 0 0 0 4 1 0 1 3 5 0 0 0 0 1 1 1 0 0 1 0 0 0 0 0 0 0 0 0 0 0 0 1 0 
0 0 0 0 1 0 5 2 1 0 5 0 0 0 2 0 1 0 0 0 1 0 1 1 1 0 1 1 0 0 1 0 1 0 0 1 
0 0 0 1 0 1 1 4 3 5 0 3 0 0 1 0 1 0 0 0 0 1 0 0 0 2 0 0 0 0 0 0 0 0 0 0 
0 0 1 0 2 1 3 2 5 0 3 0 1 0 0 1 1 2 1 0 0 0 0 0 0 1 0 0 0 0 0 1 0 0 0 0 
2 1 0 0 1 1 2 2 0 0 0 1 0 4 1 2 2 2 1 0 0 1 0 0 0 0 0 0 1 0 0 0 0 0 1 0 
0 0 0 0 0 0 0 1 0 0 0 0 4 0 0 2 3 4 0 0 0 0 0 0 0 0 1 1 0 0 0 0 0 1 0 0 
0 1 1 0 1 0 1 0 0 2 1 0 1 0 0 3 4 4 0 0 1 0 1 0 1 0 0 0 1 0 1 0 0 0 0 0 
0 1 0 0 0 1 1 0 0 0 0 1 2 2 3 0 2 4 0 0 1 0 0 1 0 0 1 0 0 0 0 0 0 0 0 0 
0 1 1 0 0 0 0 0 1 1 1 1 2 3 4 2 0 6 0 0 0 0 0 0 0 1 1 0 0 0 0 0 0 0 0 0 
0 0 0 0 0 0 0 0 1 0 0 2 2 4 4 4 6 0 1 0 0 0 0 0 0 0 2 1 0 1 0 0 0 0 0 0 
2 1 1 1 0 0 0 0 1 0 0 1 1 0 0 0 0 1 0 1 4 0 7 0 0 0 1 0 0 0 0 2 0 1 0 0 
0 0 0 0 0 1 0 1 0 0 0 0 0 0 0 0 0 0 1 0 6 3 3 2 0 0 1 2 1 0 0 0 0 3 2 0 
0 1 0 0 0 0 0 0 0 1 0 0 0 0 1 1 0 0 4 6 0 3 4 5 0 0 1 0 1 0 1 0 0 0 1 0 
0 1 0 0 0 0 0 0 1 0 1 0 1 0 0 0 0 0 0 3 3 0 2 2 1 0 0 3 0 0 0 1 0 1 1 2 
0 0 0 0 0 0 0 0 0 1 0 0 0 0 1 0 0 0 7 3 4 2 0 2 0 0 1 1 0 0 1 1 0 0 0 0 
0 0 0 0 0 0 0 0 0 1 0 0 0 0 0 1 0 0 0 2 5 2 2 0 1 0 0 0 0 0 1 1 1 2 1 0 
1 0 0 0 0 0 0 0 0 1 0 0 0 0 1 0 0 0 0 0 0 1 0 1 0 3 1 2 3 1 0 0 1 0 1 0 
0 1 0 0 0 0 0 0 0 0 2 1 0 0 0 0 1 0 0 0 0 0 0 0 3 0 4 1 2 1 0 2 1 0 1 0 
0 0 0 0 0 0 0 0 0 1 0 0 0 1 0 1 1 2 1 1 1 0 1 0 1 4 0 5 5 5 0 0 2 0 0 0 
0 0 0 0 0 0 0 0 0 1 0 0 0 1 0 0 0 1 0 2 0 3 1 0 2 1 5 0 5 1 1 0 0 1 0 0 
1 0 0 0 0 0 0 0 0 0 0 0 1 0 1 0 0 0 0 1 1 0 0 0 3 2 5 5 0 4 0 0 1 0 2 2 
0 0 1 0 1 0 0 0 0 0 0 0 0 0 0 0 0 1 0 0 0 0 0 0 1 1 5 1 4 0 1 1 0 0 0 0 
0 1 0 1 0 0 0 0 0 1 0 0 0 0 1 0 0 0 0 0 1 0 1 1 0 0 0 1 0 1 0 4 4 2 2 4 
0 0 1 1 0 0 0 0 0 0 0 1 0 0 0 0 0 0 2 0 0 1 1 1 0 2 0 0 0 1 4 0 3 7 3 3 
0 0 0 0 0 1 0 0 0 1 0 0 0 0 0 0 0 0 0 0 0 0 0 1 1 1 2 0 1 0 4 3 0 2 4 4 
0 0 0 2 0 0 1 0 0 0 0 0 0 1 0 0 0 0 1 3 0 1 0 2 0 0 0 1 0 0 2 7 2 0 0 3 
0 0 0 0 0 0 0 0 1 0 0 0 1 0 0 0 0 0 0 2 1 1 0 1 1 1 0 0 2 0 2 3 4 0 0 3 
0 0 0 1 0 0 0 0 0 1 0 0 0 0 0 0 0 0 0 0 0 2 0 0 0 0 0 0 2 0 4 3 4 3 3 0 
